0.582770486215,0.109229105096,0.211708906323,0.0725949881201,0.139659041635,-0.238214608302,-0.275263638871,-0.173632972924
0.109229105096,1.79357856044,-0.197006436283,0.728333417078,-0.523558959977,0.405173969124,0.018623417894,-0.957050888868
0.211708906323,-0.197006436283,0.923599076327,-0.191067955389,0.0200008092155,0.049702497736,0.146356327521,0.305563764284
0.0725949881201,0.728333417078,-0.191067955389,1.76235419075,-0.494722706103,0.403854010761,0.00965514049198,-1.04572884597
0.139659041635,-0.523558959977,0.0200008092155,-0.494722706103,1.24882228673,-0.134746730646,0.121352018697,0.701719969083
-0.238214608302,0.405173969124,0.049702497736,0.403854010761,-0.134746730646,1.02229054746,-0.175911997877,-0.611645501883
-0.275263638871,0.018623417894,0.146356327521,0.00965514049198,0.121352018697,-0.175911997877,0.822657082083,-0.0683767620481
-0.173632972924,-0.957050888868,0.305563764284,-1.04572884597,0.701719969083,-0.611645501883,-0.0683767620481,2.42931050041
